5527
4841
5942
7590
433
3732
4720
2637
7435
3927
1477
8340
2849
3840
3863
5815
7606
2510
2514
4312
8879
859
7076
7777
6568
7140
9488
2977
9950
1585
8171
7728
2478
42
39
226
9737
7082
3104
3756
4537
4172
7742
5678
4731
7819
4931
8669
2514
8090
1779
2131
2360
7835
7340
3184
9793
7335
2073
5633
4635
3436
7713
9526
8560
6675
3345
817
9768
2894
2927
6026
888
5465
8721
4562
3317
8711
1149
7564
2746
5602
1253
9187
3835
4809
9687
4422
3056
101
1178
4993
1507
3065
1807
9858
7501
9603
3638
1370
2607
6713
8353
586
10
71
5552
3211
3143
2253
7893
7834
3723
8081
4235
5522
64
6939
1496
5047
172
1252
8013
8939
5102
7493
4569
8938
1592
7247
2126
641
5141
4733
1473
502
4444
5063
9156
6924
5435
470
4990
2327
4373
6371
8767
9275
5757
2470
5541
6962
3472
3065
8103
5252
9035
6945
1914
8249
763
210
4670
3130
7191
502
1352
7690
1633
123
6916
3813
9290
8766
1754
1268
91
6036
161
9986
8094
5614
4430
5059
3656
6839
7002
234
7485
5024
5096
554
3153
5870
6911
892
3882
7519
7217
1483
5323
5462
7835
7367
2604
3292
282
7622
392
5050
8224
4942
3816
253
1618
7124
7764
9282
232
3399
25
7017
5020
1686
5235
1841
2559
3672
9821
5169
2617
851
8287
1783
3613
8553
4659
6409
6710
2803
4733
2513
5686
9359
637
6590
817
7926
3088
3354
447
3596
5733
3921
9545
3541
6782
5335
6086
7129
1551
6666
6549
6250
7419
5921
7824
2908
194
9634
3398
9423
4295
6089
5364
7441
2740
7733
9960
1174
312
1481
7600
1769
1539
2311
3563
9396
6650
3964
4627
4796
3240
2864
1255
6066
4053
3191
3670
4939
2362
8979
6264
5175
50
2434
975
5275
8112
7233
5792
4703
7811
3012
9975
5665
649
7479
2088
9364
6798
3620
8355
8688
4857
7793
1670
5925
5858
5927
1205
3285
9502
5548
7509
327
505
5396
5395
4244
9580
8328
4051
3224
5779
4405
4058
9682
8519
7471
1263
5024
1587
6521
286
6185
7518
5319
5072
697
1307
6519
2714
2020
1389
651
8017
9858
1565
8144
3914
1689
3099
4038
7842
4106
7475
4473
3755
8671
2681
4912
4967
8709
1900
8911
6770
6595
5801
7040
5905
7848
1907
8764
9047
5475
6586
6357
5317
1080
5714
2184
6709
4234
7113
8510
5137
6560
2133
4747
813
4120
6584
7213
8977
8670
4265
1722
9191
1546
7854
1888
769
7423
8213
2309
9621
9453
4663
8697
8715
5496
8893
3833
8800
7152
456
5132
2321
979
6722
2102
6824
6332
5772
2805
2297
5184
3163
7815
8202
9071
7916
8124
4280
6442
7838
79
7812
3770
4778
7779
8020
9766
1812
9748
3730
4073
1514
165
420
3224
7293
394
7383
9869
9637
8196
3552
805
1559
8181
9712
7879
2023
1907
877
410
5560
2730
5594
5998
9009
8553
1568
7417
1821
4573
806
1504
3180
944
1181
2185
1917
756
4495
9456
630
9488
3842
1711
2617
1780
3072
1147
4508
1823
2442
759
1066
6583
3451
1321
4013
6400
6215
2099
2397
6442
4156
6034
5086
7156
8222
1640
1846
3708
9090
3057
5745
349
4246
8346
8452
8480
7712
8144
6949
1898
7781
4187
2121
714
6637
1793
4641
6338
3873
8977
9247
4545
4463
7926
5020
6126
4704
537
4786
1735
6055
2639
1472
2809
7606
9664
5072
460
5938
6874
8193
3327
9533
1848
8304
5765
7722
3023
6861
880
9942
5693
3376
2786
90
4198
9355
4399
8553
3814
3995
6897
941
3099
5908
3714
6796
110
7145
9329
8126
5619
5052
7764
4828
9800
5504
5403
6388
4580
8679
4741
1107
3087
6285
3133
4723
6897
6788
853
4642
4835
7918
8446
2975
2722
2374
8209
7290
5726
8319
6143
9494
7734
6027
2338
3315
1139
4997
9824
9120
5116
2858
4292
676
3480
6854
3266
1437
526
3475
1104
182
65
8430
2202
7570
5030
6324
1144
5970
234
8451
1236
3927
8312
2643
874
9397
2296
4213
80
3807
2384
6887
1872
8467
3708
62
8271
2735
1006
5838
2548
1911
4628
4974
8875
9347
1436
9142
4869
8108
3098
7227
9553
9249
3422
9797
9672
6656
1854
609
3804
2377
3415
1719
7054
369
1771
3136
7125
7146
7603
709
6802
4051
9300
5093
6500
5040
99
7394
9726
4051
3931
8714
6182
5281
3336
4398
9512
8865
7235
6593
2260
9976
6426
7945
3745
3936
4751
3251
4156
329
4496
7684
8165
9474
6965
1678
3172
2823
4937
6187
9844
3024
701
2335
6033
6409
4057
8806
929
5295
3231
4215
2773
7908
2344
8467
2283
8510
7568
6317
663
1589
491
4738
8623
1718
5103
8631
165
2140
2063
4231
7022
6795
365
4331
440
3818
1229
7116
549
975
1104
1750
301
1359
5482
761
4779
2860
1868
8995
3265
7776
6526
1757
4647
312
2883
1927
3777
1799
1358
2490
3726
1209
4406
8871
3023
5174
4441
3996
5426
4164
5554
8078
7778
8564
2206
7406
8473
1408
966
5228
9552
3213
6815
6954
2303
5338
5792
4503
5565
8834
6295
3923
5672
2657
4971
1847
4791
9677
6917
125
216
4042
507
1745
6972
7217
583
9256
1267
5774
1434
8176
7786
8048
4536
2794
3961
9071
7067
2820
1354
4837
7898
704
7605
9483
4561
8781
6108
6589
6430
9987
9782
7443
6686
5881
7558
4012
3807
758
6356
6862
9509
8456
2364
489
6353
8065
8621
4383
3463
3680
4341
1086
5118
7999
5627
7391
5989
4128
2332
4832
7537
8652
3398
3118
9266
9207
4149
7230
993
4020
4807
4601
6756
8545
2304
3946
3809
4930
8630
9555
4853
9536
2349
9087
7137
4076
965
704
9847
408
3776
4157
5441
1113
7764
6147
4433
9949
2281
4162
3716
8144
3327
4327
4716
8355
3335
9318
4833
9279
7407
4443
5141
6156
5029
2107
4908
6124
7804
637
6578
831
1380
5516
5959
9691
4329
9065
3644
312
3112
7251
5336
8226
2740
6881
6652
9874
1158
9345
3558
6600
8159
1564
568
5374
8686
4636
2596
8115
1109
597
2675
161
8565
8991
3086
9462
4735
9686
7469
1431
9819
6939
5021
6331
4591
7915
241
4031
4480
4945
3538
5208
96
721
5822
91
9140
9873
8628
528
5144
1249
2595
2562
1585
5801
4949
1670
9766
8245
4158
8045
3731
4379
650
4198
7368
2850
6443
8635
8608
2819
4667
5741
9073
3269
515
5176
6054
8688
8452
5663
5493
6282
2847
4182
7492
6468
3769
6830
9368
3441
8027
8579
9038
9639
1796
9213
1228
1467
8329
3649
9689
3064
3198
3867
8478
794
2990
5570
7694
5480
2700
214
1541
638
4747
5662
4761
5557
4441
1502
2033
9003
3162
2589
4720
7173
298
209
233
6378
6956
8901
1711
8250
7401
1953
2759
9180
2368
4886
5519
1398
9989
8536
1897
9339
3140
6652
656
9393
9183
1976
8907
7825
1194
7028
8347
1544
9094
9085
3954
8620
6904
4224
348
5793
1734
3592
7537
5015
5166
6190
3519
1380
1292
3887
1491
400
485
462
709
9771
1451
8148
9737
1307
6683
2755
3456
6557
9952
2974
5107
3129
7858
5987
9800
7669
7664
9608
9007
9392
7837
6742
9290
47
5715
8959
4576
6682
1598
6577
6759
6617
3695
5221
1015
1447
8929
3989
8707
2970
2598
374
3562
6567
8707
9292
8887
188
1500
3873
6329
5749
9788
223
8882
6462
5291
9364
6422
3614
44
4576
2028
3085
252
6014
9646
3382
5569
5051
6767
420
4009
923
5839
2786
8298
4254
3098
2981
8731
1433
5309
5153
1805
6538
149
503
9916
9864
9502
3934
8772
6712
9010
1745
3800
9341
5741
3663
7023
8593
5356
2578
5050
4286
7284
3856
7761
3698
6327
7680
2278
5083
533
1934
6575
4489
187
1034
3653
3478
7946
6456
6844
628
246
1648
21
2443
8844
6658
7114
2158
3718
9094
7219
7631
9369
8591
311
4458
9949
3130
7749
2775
822
2940
1290
4542
3312
5230
5458
5395
9916
3066
4931
1374
8407
6955
7543
4446
6955
6845
5782
2266
17
8850
5316
7178
7712
7480
4979
5900
7769
9326
5475
362
5991
9538
7797
6449
3186
5830
3993
7167
1008
5452
3328
1729
233
3535
9246
7192
2595
4051
7055
2028
1498
2206
7074
230
7202
6296
2047
304
5223
1829
4660
4652
762
5141
2342
7903
2947
4696
6018
7770
4966
7063
680
5156
2607
2438
639
5961
7065
1010
7332
4988
1925
8152
8449
3574
788
5702
7492
4916
9228
7242
4178
863
541
9756
983
7041
2764
1492
7528
3691
5668
7313
5090
8808
5162
5477
4812
3863
7528
5819
5071
1005
9434
8291
2017
5295
3715
2090
1490
707
3341
2005
4783
3223
7014
7063
9572
9365
185
6495
8325
8890
1810
3387
5727
6916
4801
6109
2053
672
6310
4130
7855
2027
4237
7732
5821
5094
4698
8772
6724
1731
1089
5746
2869
4131
2595
2099
6488
2831
9843
4918
1715
2653
2262
5692
4445
4304
3594
773
2938
6635
1466
4660
6675
2118
5927
9241
1340
3065
4121
9709
7113
4250
7989
4124
7377
7796
7241
3827
8665
2415
7474
2933
6505
2592
7519
6344
387
6381
4529
4202
6867
2274
7460
9468
905
9420
8390
7704
4763
2735
2936
7077
5732
5830
5888
7510
9280
4492
3617
1355
2397
6755
3735
9190
7448
9913
4737
5190
3133
812
4887
9836
1835
8205
6702
2740
6654
7508
6222
6778
3290
6784
7875
8026
288
3081
3870
782
1086
9788
3688
251
9900
9997
7632
8534
3271
9017
7592
7824
7370
2008
2579
1574
7655
1627
6062
9874
6453
598
8655
210
4521
2848
482
8465
2139
2823
5406
9506
8205
6931
9707
5377
7391
1758
957
9655
79
6460
3155
1836
3780
452
3221
7208
975
5464
39
8262
9760
1577
2249
8398
7306
5715
2386
6793
8016
7649
6245
8010
319
6086
2696
1894
5823
7165
2780
374
971
6739
1266
1012
8973
3630
1875
6636
9130
1335
691
4403
2907
4207
8648
9878
7479
8921
5204
4476
6210
5075
6237
6684
600
7513
7047
1665
2870
6099
4117
187
5752
7682
3483
8383
2315
7898
6819
6878
7226
9206
4748
5270
4194
6288
1592
7160
1774
1080
9441
5062
2017
4550
1422
7897
9738
6484
7364
2663
4530
6794
5150
756
715
9554
7561
913
8964
7803
9706
19
8124
7540
5957
1702
7764
6540
2293
3216
9612
5592
2350
5113
9629
1475
4783
7568
6662
681
6976
4964
3276
6529
8041
4860
7883
4516
3482
8655
9659
1473
2755
1966
6925
7315
1757
7304
3689
2882
3620
8827
4546
3931
9279
2054
2924
7964
4083
6185
8940
1510
7137
3937
2004
9022
1063
6035
1719
5824
5444
7595
6074
9494
9148
7116
2869
2818
1594
6241
2219
2058
992
3064
8884
2207
4265
4245
1008
197
7440
1378
5857
3470
4611
3480
3915
7934
5035
1632
3968
6182
4214
1075
8193
5110
2959
4717
1360
9336
6550
4127
2740
9244
1943
1095
837
4481
7032
7808
7290
2964
4472
1395
6672
8967
1412
5803
7339
1259
2295
7676
7493
3001
5377
292
2529
7782
1194
5069
7403
6005
2982
8345
1690
7595
3784
4369
5398
3549
7900
1696
3437
3290
9117
6360
1526
794
7626
2861
9483
5945
4131
6241
9850
2698
3453
4753
5884
6579
6171
2435
2740
9856
1075
5839
8350
5134
6961
3874
2684
8407
5200
9619
8842
1870
7871
3357
5234
1260
5344
7293
8357
7920
1810
2481
9039
1508
909
8778
6000
1955
4863
5587
5921
5698
7910
3926
4088
9875
6999
6362
1249
3279
2523
5284
482
4131
5080
9113
231
9211
4617
2161
5017
6571
5360
4408
2550
3794
14
7208
3820
8038
8177
9966
7136
892
6110
2130
375
8714
3242
4334
5195
5917
3956
5485
6307
1028
9720
9799
6713
303
4980
8513
1611
1223
6388
9409
9371
9178
4309
980
2943
1056
2967
6711
8674
4867
7084
7961
4484
5468
9657
1957
4641
8881
4433
9331
6078
9943
5485
5699
5907
4481
6411
7402
8747
9877
7874
2798
8351
4453
281
923
9090
825
1666
6641
7835
2884
2900
266
1263
7818
5174
7902
7614
3775
3608
5251
6726
827
6168
9667
3387
7277
1999
3908
352
1987
269
8509
852
5948
4170
6598
3463
1718
1825
4137
9602
1067
5116
4741
458
5039
3322
4135
9116
7833
5472
6745
836
7647
2002
7420
4267
3913
9872
7425
1139
1929
2541
5641
4430
3418
7661
2325
6453
2139
451
5393
5818
5090
5411
6956
4015
9882
9099
3839
5505
8326
4604
127
3946
9706
8934
355
9654
1218
3806
7049
2378
1346
8984
9012
880
9606
427
2005
5855
2387
4851
6865
1405
1498
4187
3641
5627
5402
5133
6879
294
3883
6308
3530
3237
1521
1630
1175
2620
6991
3467
2635
1282
4953
8985
731
1445
7480
2867
1384
2420
6774
6496
9698
1675
6615
643
6613
855
8254
6514
4965
7750
1705
913
8864
8337
1667
4196
4194
3723
5206
4096
4159
6109
1454
2296
2724
4268
8768
6695
3785
7525
2391
3069
7877
6716
956
6598
3163
8345
5171
5782
8533
4639
1164
5385
5857
2363
8446
4027
9002
2292
5314
7797
8077
7698
3691
2387
1797
9016
8661
8152
7216
1204
8224
9175
3126
6983
5384
4597
6285
81
6845
402
9247
8463
2749
3156
6711
8119
2885
377
7140
8534
9842
88
1556
9047
3837
8682
6446
6950
1430
3073
7885
6384
4278
7773
7515
6723
8312
4530
7446
6120
9939
3671
9070
6531
7211
2921
9034
2561
9142
155
5016
6273
8794
2892
5241
7009
8053
1590
624
7460
5043
4964
5441
4188
5831
9742
7332
7330
5085
5470
9594
8664
6905
5401
2223
2240
9766
7413
6537
6081
4057
2107
6566
3413
6893
1894
1963
6472
1280
2719
3710
5072
4808
7000
5862
1944
8153
6351
6761
2570
2509
9729
959
8380
9678
83
4798
5896
4326
1344
1804
4049
3745
9004
2383
6356
4712
679
5187
5197
2632
8908
2485
3797
6494
3824
5031
2405
5486
2720
3728
5534
5634
7707
8629
6742
1881
5981
7393
716
8040
9015
1886
3148
9955
6981
9734
8229
7733
1593
4539
3505
6548
5598
5449
4775
2613
2472
5948
91
2724
5401
9071
3313
283
9555
1856
1403
135
4277
9804
5397
8630
923
6075
2312
3908
1494
4441
1401
9419
1665
330
5124
7823
3092
4808
6107
3438
3623
6158
3574
7394
5645
7718
5055
2888
3016
859
7635
7729
6399
8288
2037
8368
3870
2576
6660
5905
973
5961
7500
1407
432
8184
961
8471
6759
2583
9011
4899
1943
7376
1617
7440
8439
4320
7499
1207
4054
8131
1107
192
8966
1199
3961
4479
7333
1964
559
5707
5657
6695
6535
1349
1959
8061
228
9405
5445
8995
1501
6082
6251
8878
2811
1840
7078
5722
3826
368
3069
4106
1577
8225
1122
2036
4935
9647
6986
9647
3854
6103
9465
8727
3024
3021
5181
3784
2636
2158
7764
9114
5527
1243
5716
50
8875
3235
9325
5996
1162
1918
3158
8622
9667
9344
627
9729
4220
2333
6102
946
1589
9514
7567
4659
9574
9501
3859
3849
2114
4327
6865
2803
3533
3049
769
6768
8655
2303
4866
8773
9693
1154
556
9880
3280
6706
6063
3331
4286
1962
2091
8240
8443
2628
2787
2790
7735
6332
8754
7836
7737
7791
1394
6973
1545
9135
8170
7215
1458
9396
4068
788
2050
6830
7021
2488
7570
3677
9303
8635
228
8198
8951
7129
1022
7123
1848
1113
3208
1847
2899
4082
7011
4004
4186
3334
8197
5773
3278
2037
8682
7288
3472
2223
2025
1284
7969
7170
6839
7303
1467
9732
572
3525
922
3963
26
3361
4094
7247
5934
5393
5034
5246
9217
1403
4257
4800
3417
4637
2076
8357
6711
3892
4286
2120
514
5476
8450
6005
6319
5350
5283
5656
6741
2860
650
2317
1225
8228
497
9037
1837
8856
7572
3143
1192
5081
7149
9310
2079
5795
2708
4971
3151
9487
7295
3960
148
4020
5541
282
1298
4341
1017
2890
3502
9953
1035
3172
834
2889
994
3936
9494
8880
499
797
2820
8387
8877
7632
1096
3343
2924
6463
3097
9153
4860
5581
3597
1978
3059
6650
1394
26
2033
7887
9033
2159
4858
6467
4313
6824
8828
3944
4195
2702
3330
2269
3878
2399
8849
428
4383
874
958
5427
6217
6598
6142
7415
5261
239
6683
4952
2279
4970
3367
7972
5808
8334
904
8069
8103
3322
5260
6746
3022
558
3595
6127
3940
1245
6435
710
8756
6035
419
6708
2895
9725
4300
8039
5594
9486
3067
1009
1487
622
9742
266
9703
2096
9329
8124
4536
7569
6832
6938
7188
9711
6108
1361
3844
7558
4216
7428
5939
2415
6118
2885
9346
2351
2106
682
3827
4234
1461
5236
2366
4522
4448
1991
8072
9454
7820
5998
8874
5570
7582
6876
7379
8343
5864
9435
5597
9383
4969
9974
1524
642
9591
2284
2449
1964
7791
8017
3021
4753
8075
7811
278
7044
4439
4296
5799
8740
3793
2450
4615
4283
6884
6633
5921
456
8323
7768
1799
2589
1903
7675
9124
8619
1543
5689
1123
3080
9097
3636
942
421
5776
5691
6085
1311
6930
8278
2063
5931
8669
934
8793
3743
5265
9639
8846
5066
8919
7583
4178
3249
7362
9108
3899
1101
7389
6380
2443
9768
9004
6988
350
9428
2062
5800
7907
905
9310
547
2286
6428
9284
646
57
9151
8944
9196
3681
8057
3810
5526
3675
4615
9451
2386
5194
3144
9901
3051
3298
373
4566
8505
2457
4563
2309
8951
9129
8066
1539
8727
2694
447
5111
163
8337
5225
3011
4239
5941
5874
8083
5669
1091
1715
9524
9344
5980
4030
1462
5418
7698
2113
4220
9869
6208
7620
297
2873
9120
8967
807
201
9785
3142
3739
519
1376
6994
3043
6347
5401
6824
8857
4387
1979
3552
2333
4531
8036
8167
5663
8651
4796
5011
8911
3160
2438
296
1695
4376
2435
9536
8228
2962
9701
8838
2044
2727
5507
627
8341
2195
7621
6208
6743
4202
9827
6362
3229
2105
2319
1435
6139
650
2424
2940
1413
1291
1485
5596
6681
2600
7360
6398
5012
2743
2110
9131
7708
9595
758
1130
3143
4531
7858
338
422
7101
9799
8769
3778
3827
4433
4221
3344
6095
8702
4954
679
8063
4571
4947
2239
6502
6528
548
8402
6236
1241
9295
4808
9080
6794
3477
7967
9062
9604
4979
5547
4744
3492
9117
7064
5914
8045
6510
5185
4795
4951
2533
6354
9390
4796
9597
5200
1636
2465
5319
6298
3413
6280
2067
7833
4801
2200
973
7981
3398
1690
1371
6089
6370
2178
4254
4958
2805
3810
900
2877
1013
3224
7322
8406
3137
5817
302
4642
524
6793
5301
4885
4126
7464
3224
3236
1202
7947
2195
9002
8780
1172
7886
1771
4135
2890
684
6135
5830
6230
52
5507
6546
7565
3932
5196
4222
1544
3771
9282
2124
1620
8192
1095
4417
2870
9207
7466
8580
5574
2084
8659
7849
7746
3835
6486
1363
3998
3791
4870
8791
6750
3164
2616
363
2853
7921
3623
1711
4426
1076
5379
9044
8925
3369
8473
839
9343
1320
6930
9393
9754
7486
3376
6889
4035
97
7903
3097
9730
7585
6206
9581
8570
1988
9172
448
1384
8342
7080
4981
2396
8358
9050
2540
7066
7480
7894
1394
9044
5652
921
8123
3042
9842
900
4553
816
2318
8438
1351
5995
7278
1663
2380
4064
6544
2512
5488
1505
6595
9340
6339
3983
4430
6725
7005
3966
765
5906
8751
2057
3584
8544
3143
1294
2900
435
1132
7993
8047
6229
2468
6448
2233
8650
1652
1165
2803
6199
871
3316
3941
4480
9166
5122
9941
2952
9949
6935
1212
1648
8866
4196
7902
3967
9850
3676
9687
4384
175
9338
4320
4535
8453
5886
1966
557
5267
3770
5187
5932
8996
5477
3986
5511
7534
7154
5878
8668
3230
3611
3621
9454
8172
2950
2704
7674
7657
9532
2073
7996
7697
5474
2203
3282
3795
9136
2338
6055
3528
8300
1233
1102
2165
5540
3613
1666
5856
3447
9906
9660
6530
8596
5424
2410
1698
8219
5506
7885
2150
5266
4131
6895
2736
3366
8832
6415
7840
5996
2289
2766
2260
5196
1584
3963
6007
9420
6710
125
8396
3962
4411
4859
1176
9253
5419
1276
4574
8972
3836
2761
8857
6754
6680
352
5938
1916
997
757
5417
2084
5669
6258
395
8002
5708
7691
8361
5151
6106
9486
9184
7407
9826
3769
3980
7192
2105
1490
6680
2852
3041
1932
773
3020
6375
2445
9571
619
6867
5244
7573
7047
8238
6189
5476
1103
5789
2913
5428
8107
4143
4183
6046
5832
9912
5992
4204
5290
3405
2289
9701
8787
3145
4472
5326
9518
8317
2294
5176
3138
2010
1895
91
38
9299
4711
4303
920
9831
955
2733
4037
9976
9570
6758
7570
8045
8643
6113
5751
4388
8753
5988
9445
4625
8768
457
1308
751
6318
9111
8304
438
9591
417
8961
4264
5139
648
8043
4656
8751
7261
2615
8008
6947
9920
5782
4299
7930
8722
3335
6867
5320
3243
9988
2400
1375
3912
6368
7631
9027
4537
4850
3463
1063
1889
2532
770
5764
60
5984
7678
4709
7752
705
4175
1811
8058
9455
6557
6519
8054
3912
1731
6394
8127
43
6486
337
8511
12
2468
3530
6975
9262
8161
8730
5324
5776
5153
6144
3744
7011
720
228
7819
5211
5372
5606
244
3611
8616
5879
5958
1031
8167
6689
356
7021
2896
2452
6692
9370
6160
275
5736
3420
6744
8707
504
9462
1328
6174
6603
1844
1244
6815
7373
8333
8700
9546
7527
8909
1112
8532
2956
4668
6186
5136
4417
2612
9895
5454
5982
3510
5971
4352
1480
8492
5786
5153
8059
4965
3704
7743
2137
2197
1343
8343
2083
721
4757
9555
7281
4245
6783
1563
6293
9851
8974
1603
8680
9665
8954
2064
3916
6413
6662
5482
6965
6526
3951
512
624
9549
2661
5133
5900
1299
7747
1684
300
5772
7611
9434
9759
1979
5823
6683
8951
5318
7391
5459
8227
5281
3872
4478
8075
7375
6770
2424
7772
9629
8420
1963
6971
3917
9253
3280
5404
989
6337
922
3748
6869
6298
360
9335
7888
9850
9774
2628
9164
6585
6970
7830
1916
1103
4462
6841
5120
8375
8397
3518
1817
1749
6092
5633
8503
8231
8127
3560
7658
4033
3334
7121
6853
3363
8895
2841
9876
3099
6922
3681
2255
2038
1116
4995
3281
3382
9995
3276
6417
4682
6792
7283
5947
2490
2452
8087
1272
4976
7537
14
6597
3368
4817
5183
5585
9830
6084
279
4751
2122
6619
5848
1197
8734
6457
8497
3267
6911
9650
3784
6592
3643
4198
1531
4893
7978
3191
2437
7460
3388
472
8601
9882
7009
2040
7772
6123
2433
4216
1878
8309
5382
2275
8388
7718
381
5347
9428
2282
1925
7189
1614
6629
1172
1090
3543
2870
1754
981
6075
5920
9944
1382
4467
2422
7388
8095
5947
174
9805
5034
7292
1462
3307
9638
7893
4059
5128
812
3289
5570
5018
1237
8053
5481
9495
8628
7248
2828
6019
6979
3128
1652
794
2727
2959
1073
722
2789
4933
3312
656
9068
8487
1729
7343
3331
3477
3628
1314
674
1900
3450
9458
1483
5646
6793
5633
2912
6589
6861
8546
6959
8086
3275
8532
9956
4010
4524
3677
4551
3259
3074
4988
5304
4576
8347
9316
3947
3827
1336
2739
4111
4369
446
9688
1113
2416
3714
9794
4319
9226
1233
4094
8090
8820
362
4402
5990
2500
3432
290
8267
7831
3765
2702
8336
6121
9700
1558
7697
6503
5051
5183
3540
2969
8975
9802
4722
7157
1197
9838
1095
935
8027
8053
1731
8456
6800
9678
731
7413
783
2094
3845
9357
4587
521
3914
6528
166
2817
6456
4570
7
6322
2038
8952
5060
3396
6627
649
9363
5017
6015
9949
9313
1804
2645
2920
4968
2365
1767
2639
9946
6673
5401
5985
3670
8832
3309
5018
6620
138
5006
85
7819
6731
4445
549
3124
6645
7557
3003
36
7796
7486
8826
8531
3636
2193
1963
9048
9515
6091
2838
8280
1643
5488
240
497
4849
160
9502
4270
5168
414
7799
7411
3523
3249
6553
2301
8168
490
4755
4436
7862
1324
8538
7626
2205
8885
4695
2114
5173
7617
5268
1330
6131
6412
6366
1397
2380
4383
918
9135
1766
7462
5833
4807
4366
4962
5393
7314
5046
4865
1825
2091
3296
4707
9091
9529
7921
2150
2736
1526
6299
7000
8426
5606
5382
472
2340
8641
8708
8984
9794
5863
7060
5252
5053
7537
8552
2198
8225
1056
5099
5829
1653
8325
8910
5677
4465
2695
1511
5314
2549
6312
2107
3422
4004
668
9713
722
5142
1789
7229
1692
2548
3564
9972
7038
2668
2134
3897
7973
9195
9713
8776
1357
2388
2581
6915
9527
5671
9672
1618
7860
5801
9581
2015
3341
9194
8245
9723
2450
5699
2370
9774
4348
9348
3399
5774
3788
9119
7137
1194
9231
8584
3162
7699
5326
9100
1593
3041
7120
7087
4166
4063
2694
8606
8623
766
3520
3627
4445
9032
8652
1880
3901
6609
6199
7542
886
4180
9549
506
7351
1397
1094
5481
388
9586
4404
7210
3367
751
282
9798
6289
7560
8586
1536
112
5864
2336
8471
724
6186
8010
9125
1819
5646
4602
3609
2996
1130
6062
1661
5707
5054
7157
1750
7761
939
8582
6033
6336
4458
65
5510
4285
2623
9195
5874
2671
6002
3022
7425
6522
9643
5595
6736
326
5136
3989
7346
5953
4336
4190
981
8064
5077
5715
6915
4133
7459
429
971
45
4166
8547
1405
4837
761
8047
4765
2967
1525
8718
1081
1705
313
8608
2576
9039
6305
1498
2026
7007
7483
2989
1218
6979
1386
629
7687
9427
501
2179
2671
7291
376
9050
3576
561
8408
2219
9582
5638
4021
1963
3307
7074
3425
8927
1984
6256
7168
3048
7979
7254
9878
7129
9731
8108
1892
6800
1032
9669
361
917
9293
1925
1735
8423
7754
7058
7560
9494
156
1670
8113
5361
6381
6494
5131
3485
3926
5303
7561
366
5848
2962
6316
5519
4802
7854
8652
1213
4798
5354
8964
9725
9300
4668
4326
9048
4012
8717
8767
4403
7813
4334
3059
3953
1812
8971
8893
3488
3566
6147
898
3421
7295
4387
1222
2715
8867
1663
8040
1339
2366
6898
6892
6335
2292
7501
5573
7460
3720
7192
3101
5169
7038
434
1188
3439
3923
84
6830
2580
9056
9102
148
9401
5407
8828
7212
9475
3726
477
6649
4876
6295
2396
532
8376
419
9913
5759
7974
3739
5802
1217
8133
3289
122
5944
7241
2105
7856
5277
2198
9323
6770
3187
1212
1638
2580
5357
1675
1425
2041
2032
9206
9051
9297
607
9603
9254
1948
1258
7007
5212
8412
12
6292
2878
3058
6916
277
5631
8826
5102
2889
5224
2669
6109
3916
4034
6998
624
2457
7749
6009
7214
8016
8077
8096
1157
6336
1917
8358
1235
1310
367
4809
9872
5970
3616
976
2307
5818
4082
5929
4306
9623
7187
3193
9072
9031
2274
9570
8638
7781
3997
9618
91
5832
8371
7670
7829
1336
1019
2343
2989
1300
284
6540
6228
5685
284
2380
6045
3728
8892
1755
669
9277
8489
3886
1201
6909
8012
1221
1591
6354
5241
4857
6363
8250
7105
2441
6713
5561
5259
3647
6484
5472
8744
3380
997
2496
6244
4328
3071
1315
7482
1187
7984
1032
8843
6839
2536
7959
8189
2581
1901
3545
5608
571
4133
199
4016
8925
2179
9426
9900
6042
3278
38
4942
2191
9099
3699
7121
7380
9919
4133
3982
9352
7426
8288
9618
8491
6697
1674
2600
100
5244
9515
2165
4607
5956
8603
2024
9108
5559
5228
4383
2725
4593
4093
8412
6763
1794
8768
1760
7089
8524
8250
5568
9626
2605
1662
4161
9806
1764
395
8580
7197
9083
2330
2047
8350
7224
6478
903
5315
1404
8572
1591
792
1647
6863
4804
7782
8828
280
3605
7931
5333
9945
9686
9746
8572
7678
2530
481
4469
8987
9711
5400
7913
4460
321
4295
7439
7234
6330
5526
1040
9875
8028
192
8594
60
1026
2324
6500
1584
8351
4004
382
4619
472
9578
6460
9700
943
4179
9661
4561
4762
1017
102
219
3485
1345
6552
2356
6454
2843
9292
1580
7613
5695
7657
3109
1294
8472
2757
7361
6665
3798
8534
3028
7482
5909
3563
4645
8069
1344
6600
3901
4988
7033
9561
4664
6936
2686
8402
6107
4947
9242
7977
5804
9499
7344
2077
6189
930
8628
7318
3726
980
5089
4109
6096
9433
5642
5968
8885
2147
7412
4553
2478
2331
8252
7542
8416
7180
4116
652
3186
3238
1179
2002
175
878
9227
3099
97
6784
5264
3686
3456
5313
247
8363
1563
4389
451
4412
8173
4233
3248
4159
8819
41
3445
5836
1379
5575
9581
9845
7866
972
5957
6739
4191
4775
2779
2489
6408
5810
1387
3565
8241
8792
4076
3461
1031
6214
3398
8830
8019
1693
7015
4388
5216
7342
1394
7116
3613
873
5079
6231
2920
4592
9307
2356
2838
7632
7804
2374
4931
5802
8638
7368
7952
1993
2336
8347
9051
3621
7316
6423
3265
6889
7390
5010
5634
8813
5540
2158
7572
1619
9629
1469
2130
8498
9013
5424
2927
1066
2129
2212
9754
7609
6910
8575
5231
4103
8070
2108
3697
7434
8167
6560
2014
1864
1197
5328
2413
611
129
8652
3522
6434
9537
347
1158
2539
5247
8151
5203
3483
5731
1227
3918
1790
9025
9624
7302
6860
8938
2183
5768
6060
2700
2230
2854
2163
5231
994
2193
8979
4831
5537
7070
7386
3522
8671
1229
8531
3599
328
1258
5389
4786
5805
4425
7960
7305
6902
3727
1482
5149
8305
8373
2710
6590
1147
1265
7694
3625
9972
9865
8559
6982
1929
4271
4491
8235
4976
6267
2205
9823
9344
290
4192
6691
4926
1085
1739
9599
6037
4211
705
4808
7288
5708
2540
9314
8281
9727
1612
4960
6462
6034
3461
2842
161
1759
5387
512
9389
6651
6328
5287
3055
4442
2483
6656
541
1070
4596
6869
5458
818
1185
9878
3115
116
7661
6485
1905
5255
1285
4392
7316
186
4855
6622
6163
6823
3800
2991
3809
8649
1734
2274
185
3928
2195
6940
8065
5603
4753
8761
4720
6310
3435
4164
9372
6242
4002
6432
5678
8765
5046
7618
8254
6890
2304
5607
7940
1757
3421
9733
6641
2539
8053
6790
5866
8692
1817
6534
9330
979
6972
9705
5236
8821
9598
5738
7852
767
8254
4673
7236
8773
5790
91
1194
4412
9427
6290
749
6555
4778
3693
7652
3833
1917
7013
7320
5377
3522
6021
8956
1929
111
3779
4212
8156
2843
8324
6665
509
3876
9565
4854
6716
8260
980
514
3215
9924
7491
810
4627
5192
6214
986
6453
9678
4224
2680
7676
1486
2987
6646
5012
1980
3386
5869
1936
3172
5053
3359
7500
732
1529
4711
4303
1675
4842
8486
2819
8378
4880
2923
1041
8829
610
740
4437
9376
1637
8468
5727
8375
6081
5843
8274
3788
8257
2660
648
2627
7527
2531
5833
3392
8882
877
8646
829
2672
5364
1052
901
2596
2782
1287
4943
66
9025
2905
868
5898
3485
6889
7046
6298
1069
2750
1112
9850
271
5103
4970
5930
5240
4051
5833
3602
9299
3020
3732
9497
8772
7097
5956
1724
2839
791
1570
6357
3398
4470
620
8497
8567
4786
704
1473
3179
7403
9854
8690
7919
6708
7541
2678
8203
3100
242
6246
9589
702
5273
4899
4087
3149
2399
5132
8400
7138
8898
4560
3126
9301
8135
5396
524
1123
5030
1522
4101
2759
5546
4766
4023
7098
2840
5922
7330
9002
5438
2853
2694
6007
8136
7299
709
4356
1113
8162
4977
7399
9347
2986
7611
6081
7164
6820
6384
5612
8364
5235
3482
7133
6954
1780
4562
2511
3091
8399
4140
823
3324
2650
6584
7045
6552
3427
3491
6973
7293
2222
4476
8466
491
3808
6662
8808
3733
7462
1120
2582
5763
9284
5809
5426
4682
2397
9677
9677
3715
1077
2548
3822
4521
376
1266
1300
8839
2115
1547
1056
8765
7418
9552
8701
6456
7085
5263
2272
9739
5731
6378
4883
3800
5311
9591
9110
4389
9819
4448
837
4575
2442
7402
8137
1540
3270
4021
8960
2301
7172
1286
4429
357
1339
7728
4685
4868
4819
6083
7922
8989
9405
8282
384
346
9721
6895
6584
3249
3233
1036
5092
6698
6143
9012
2253
2777
9338
778
2427
4221
4401
9052
5706
2961
9478
1216
3052
5179
7910
355
1974
6101
1341
5560
7892
7012
7182
2110
3628
5457
340
14
338
1967
3174
7460
6694
2863
8560
37
5093
3943
9771
5259
9271
9993
8994
8430
7479
3040
272
6920
250
2353
5002
7017
8185
3242
4940
3206
5380
274
92
8348
5572
7580
4862
3705
9625
5753
1702
1590
608
4184
3316
4535
3370
3021
9901
9134
3815
6361
639
2541
6648
6451
7760
8945
4910
3213
1297
4267
2423
839
2853
7254
7078
4589
2989
422
5187
9250
3305
4947
9962
8845
7679
2380
3241
4857
6308
7771
2398
9774
4394
4443
1743
7374
7287
6179
8394
4299
2789
8852
8143
3835
2358
1712
3930
4373
8003
9889
3909
9233
9314
1083
8221
5160
918
1523
4636
9295
6321
6593
5519
219
8332
8870
1184
3702
7693
9746
1294
7905
6179
9207
7289
4361
8525
5654
3354
676
7345
4731
3799
4727
7079
6345
1441
6076
4800
7359
1921
5263
5384
257
465
328
9077
9207
5423
7651
9026
9767
108
1296
7011
6013
3200
2908
9096
9380
3544
2335
1639
9999
6572
6426
1797
5366
1409
5832
1431
8408
1906
6909
3265
9353
6386
806
8969
8535
5627
7876
7178
5611
7929
7384
6835
619
2021
709
249
5378
1740
7873
6786
6567
6356
519
6532
3585
9403
8326
5771
5094
2107
6407
9571
7242
2643
8783
1757
5751
6741
6031
3089
2033
2394
4235
6035
2400
8258
5107
374
4345
1116
6407
1680
8498
9675
7299
1471
4887
7295
1972
5893
2944
8713
850
489
9819
5071
1924
7669
958
3874
3490
8338
9012
5183
6110
7341
6237
968
7022
3299
7349
3241
6466
4518
4785
4220
5286
2198
96
738
5025
279
7304
4030
7537
7616
48
2064
1771
6400
3796
449
4318
8698
9522
582
249
817
6684
5551
2570
501
8534
7518
2138
2297
3205
8766
2070
668
3229
243
8265
8161
7027
2091
3150
2774
7998
2270
1146
9029
5569
4126
3736
8666
9905
1857
6732
2976
7714
1259
1727
8812
8361
6431
4976
3347
2976
6573
9757
3100
9838
8120
4671
3328
3982
8929
6433
5636
4386
8224
1816
9360
5793
1670
1849
5090
2830
4379
2960
5138
9580
4675
2503
1477
6100
2359
8458
9981
3740
2614
5967
8909
4622
6620
1825
7530
9401
9820
1992
5931
4156
7661
2481
7489
5385
8869
1258
6734
9975
4079
7296
2621
5086
9068
3676
7713
9385
8901
6824
8585
3503
4435
6895
1207
2410
5635
5395
9533
9497
3952
5167
4072
70
8584
5510
5072
3524
7610
3449
846
9442
7374
7438
5964
7405
3321
4060
297
40
5922
7489
2018
3914
6605
7092
1588
9374
9963
1390
2043
1454
2253
2849
3596
39
2180
4652
3695
2096
3764
8242
5388
6445
4607
7232
6935
1214
6088
9048
5347
7033
1360
1470
319
2379
5014
2889
8316
5376
8205
1248
1835
5951
8100
9757
9151
4873
4265
3666
9064
7623
4739
6032
2389
3507
1916
4001
5277
2387
4485
6610
8605
553
3305
1979
8286
1406
9737
635
2701
3436
9831
6814
304
1418
4711
4983
6900
7296
6122
5066
8417
8192
1849
9837
3451
6679
4654
5449
3372
3920
1239
7596
2000
9102
6414
793
856
1485
4406
6249
6418
6921
9119
2911
7570
5715
176
6225
5694
9246
1752
5586
616
6067
1743
8565
3985
2547
3623
6689
3879
8990
2572
5451
551
5127
8124
4990
634
3347
6990
5694
6432
5365
680
5455
548
4849
2250
7967
3072
8044
8872
416
9332
9904
2562
7325
4508
17
8524
7069
3719
784
1000
9644
2544
4954
9198
5113
6954
6304
5253
6329
4467
5402
6569
4885
5813
5135
7558
3243
9846
5683
6993
7133
4003
6101
937
7803
4880
7433
9969
7933
6710
7550
6359
2893
7396
6504
7420
4896
3203
2915
5100
1663
1745
1169
5625
4264
3564
4210
642
2780
304
6634
3188
8004
7154
9693
9770
3802
96
7789
4802
3652
3221
3316
5559
3086
608
4893
9828
3273
6745
8644
3535
7361
3026
7564
5621
2162
4407
2854
2039
7899
9731
9084
1961
515
4223
4722
8499
4803
7262
185
2363
3150
6580
1046
8587
7930
1144
411
9471
6771
1839
7908
1297
1958
2894
4547
5354
7215
320
6186
4948
5175
16
2336
1765
4130
1864
1504
8610
1253
4026
2661
507
7613
5287
6376
6276
8044
494
7963
1904
5499
2547
3497
5319
2394
3495
8345
1989
6544
780
1355
1492
8388
2061
9631
9183
8485
3867
7211
5747
1933
9132
8588
4018
2271
3565
6759
3718
3600
5821
1934
2705
9558
9821
5291
8178
4368
4687
8386
8318
3223
4264
7880
2914
2157
896
7698
9090
2589
6909
7478
1771
8208
9159
2856
6580
6279
6779
4380
839
342
3245
4158
3077
5512
5975
6611
456
5422
9309
700
6996
363
7166
441
8767
9570
3116
1152
3261
4122
477
6086
5182
8951
6618
7351
1014
904
3540
1287
8922
5185
8432
528
191
747
5929
9643
1251
9758
4740
6166
1070
5938
2482
4709
6372
3600
3269
3255
9301
9694
251
4194
3807
2228
7246
9795
8207
2209
4947
4991
9698
5229
3483
1771
1786
6450
4776
6653
7539
2582
6329
9800
8291
7421
8597
3404
6250
1670
8798
3872
4393
6973
1395
3275
4051
4214
6330
6314
9155
318
2812
5331
6826
7037
971
8235
558
6332
933
1153
1599
9101
522
6754
9141
4966
6550
4833
9729
7176
1579
2536
187
9075
2564
6391
4305
775
653
8954
6548
80
6928
3990
3053
6977
1755
9038
7203
2255
6285
1390
8841
8795
8849
1800
1499
2275
7821
3801
7343
5850
852
3773
1515
1490
3022
876
5908
8226
5128
5186
3560
5799
5013
912
2104
5251
7429
715
2043
8107
8986
1531
8569
9608
7362
2864
9127
3590
8962
9570
8171
6005
7473
6628
4053
9360
1788
391
1256
9578
4516
6462
1549
3811
3713
7149
4277
6011
1337
2681
63
8033
5583
8763
2712
4540
1613
4676
8701
4595
1191
9842
6629
3117
8383
649
3865
4260
8252
4498
1618
570
535
8178
9285
5790
4638
5265
4797
8539
4279
6683
5881
4407
2649
1796
1307
2079
6797
1161
2796
8261
2823
9755
3385
459
1683
7259
5530
8911
6339
8871
9030
6272
5600
8088
8884
4156
4714
7717
6822
3859
5231
6484
8517
615
489
3002
7780
6334
4864
1461
6959
3407
9505
2711
2043
2763
9782
1458
5142
8319
7378
9561
5031
7358
9022
6932
1681
7260
1913
7561
1607
7277
6747
1000
2117
9393
472
6151
5679
6063
4064
8919
2341
2503
8501
3395
5095
5349
8991
1837
3493
8523
9218
6065
9318
2588
6818
1268
3604
653
8778
2360
9784
5175
7534
8902
1522
4146
8722
861
3127
7575
6777
5963
4566
6314
2382
8934
2587
6285
9549
6183
8403
5354
1927
3272
1281
9043
8014
6266
4745
4416
7880
8589
3174
9153
941
7606
5856
1230
1799
8523
6010
6125
2943
7330
9991
3806
2236
7065
9692
9701
5371
291
8014
7010
2820
8448
3304
1924
6646
8026
1232
408
7943
7914
5121
8152
5411
4883
2802
5843
8129
4836
4643
3906
1477
4487
5624
8532
3840
6373
4486
6752
4874
7194
8048
9458
4481
6909
8745
6450
9604
885
8883
3131
4158
1165
9473
619
784
3447
6637
5147
1582
3255
4959
826
7
8923
1761
7569
4570
8375
9352
4598
6591
6474
5980
488
8312
4269
5993
4936
7103
9023
911
8381
6312
3201
3228
5687
2986
765
1042
3100
6664
870
4873
1350
7175
163
2939
5353
2184
7775
5523
2546
7520
4285
7436
3850
4178
2779
8153
9664
3146
2065
5108
602
6664
5949
6749
5837
8728
7968
3266
1766
1970
4927
2736
1961
6217
7042
8021
2386
2286
1155
4810
4554
1606
8057
1675
2009
8703
8126
627
9434
1642
9765
9880
3936
9516
1059
8534
6610
860
8343
7855
5189
6795
9795
1376
6868
7804
8668
1947
1288
6689
9341
2150
9896
1415
1564
9610
8256
4999
6523
9700
1926
3176
8721
9040
9936
4620
8531
4525
3060
5400
728
2631
4556
8545
6770
8676
7074
1470
6413
5422
1333
4756
6171
1277
8404
360
565
2433
9513
9328
5618
5990
7381
3024
9871
4470
5073
9318
290
4915
819
4953
1387
8748
3384
6690
2635
668
6394
9909
9696
8308
7245
811
7486
8586
5261
3801
6095
431
830
4586
3293
8971
3536
4253
8431
3509
9817
1637
7415
3793
6002
4198
7585
1698
9477
3606
5808
1708
3866
9111
2958
408
6272
3184
4483
5990
3912
5577
8117
465
776
5542
2567
4163
4509
3023
5075
8625
792
9696
1074
9788
6298
6521
4723
5998
9584
5132
3271
9668
318
8174
9219
9175
3451
8225
1610
2100
6539
8028
4101
1798
3396
2791
2354
1218
3506
990
6984
505
607
6336
5420
2717
213
3782
9839
8179
4807
6312
6893
4
3384
621
7283
5666
5767
2830
9562
803
7784
2175
1275
2151
75
742
6876
9035
986
3153
4704
2647
1929
8728
6633
1936
4745
8631
4229
1717
5726
3189
327
2905
9005
3490
4471
6655
9598
1498
3264
4289
1165
7548
2435
5649
815
7568
4250
1419
3984
73
5346
8907
5670
15
3014
3938
9877
6193
424
3409
2392
6232
544
3823
3644
7268
8233
4176
2788
8987
8978
3749
2887
7165
7427
2206
383
9084
5389
7326
4779
6348
2852
7370
7694
1158
7614
4542
8821
7888
9002
3086
6712
9046
6499
8424
8305
8381
7026
3503
3994
1702
36
9233
1568
8342
3404
4371
3286
3172
2262
9494
2227
8095
4479
3961
4058
5340
6385
3535
1013
1630
8006
4257
3606
2052
9380
2176
8278
7737
6013
2571
1323
6999
2000
1895
2223
7614
9573
1157
7803
3537
2960
5409
6066
5050
5406
2650
7195
1847
7537
5945
1888
5733
3429
8656
5039
9579
3158
241
2283
305
9576
7488
7099
4909
4593
8743
369
6155
7749
5027
3459
1389
8940
5052
1883
3388
8881
1274
2604
6997
6022
5977
6847
6163
5755
4756
9775
9606
4282
4388
6102
8100
5128
5951
9158
6969
1751
464
3776
761
2881
5638
6474
3600
5433
7967
149
8204
6300
7213
3882
9411
2859
3312
9782
46
2447
1485
1033
1008
7622
6696
4241
24
8684
7680
8596
6597
1695
5613
5800
6432
3023
2107
1952
3026
7538
7195
7473
2636
5970
5353
3668
4704
7395
8865
8901
9988
5705
5751
3660
8581
2146
3275
7770
5741
5899
3806
9135
5359
4971
9246
8858
7270
4246
8394
3611
1505
9159
4431
5343
1562
4349
1864
9845
6055
220
9488
3571
3849
3119
4908
4870
2452
9741
367
7942
7435
4498
6835
696
5181
306
3318
2737
1161
2959
5634
7614
9697
6790
3137
3988
9797
5825
628
1022
2584
976
2733
509
559
8659
867
9364
6972
7642
4218
2038
9999
2669
698
2819
5392
6849
9247
7384
799
5130
8974
71
8338
8850
8953
12
1579
3054
8085
3762
2098
6945
8591
986
4902
4513
9297
2119
2146
7129
1429
2223
4698
5262
608
9126
3648
6593
8339
5994
8206
185
326
7651
8943
8460
203
6711
4844
5896
6974
3151
4110
926
1349
5104
4336
9995
7853
7911
6483
1515
3140
7736
8118
6995
6821
92
5482
5102
4061
4269
6337
9559
1234
154
7422
5861
4994
5200
3896
6919
2744
3891
5158
4766
1097
2554
6823
3603
3285
3911
5093
1634
5073
9162
1420
1711
8108
1684
1470
7713
5872
3882
1103
140
3310
3517
112
4103
6268
6136
6769
342
4296
3341
4696
9265
3672
9754
4838
3052
8714
6783
4631
6721
1412
1504
7750
4647
9678
5530
1654
7734
5491
9113
1107
7002
3715
3449
7992
2397
499
2107
8444
2910
8251
4693
809
335
137
9573
4969
6875
9610
9406
4950
1889
953
9222
3703
7995
1789
4741
9161
331
951
4269
1036
1700
378
2359
5276
5021
4268
1692
9775
7340
5727
3827
3923
6945
4426
5283
7370
5385
3407
8852
573
5446
2152
8302
1711
2996
8790
9673
4706
1672
6007
6593
3945
9925
4076
6201
6140
8001
3697
3426
5682
2291
2522
3527
545
2813
2043
2051
38
4098
2011
7558
7195
5515
254
9495
9922
4861
6270
654
2296
678
2850
8923
1454
5774
8483
1090
1134
5187
5366
1312
2034
5988
2811
135
6995
5986
2327
8673
2291
925
6091
6509
2493
9924
2008
887
2567
800
8439
7911
7326
2129
3052
393
7561
9523
99
2778
1845
5393
771
6910
4946
1343
5267
3825
353
367
2037
9042
9041
8416
9564
3822
656
5619
9731
457
1701
7514
3043
6428
9173
660
9856
433
4323
1471
4295
5842
7073
8743
1802
6065
1555
3150
9435
4473
6669
9184
6741
3332
5972
928
4549
6257
1772
3208
8378
9520
1667
3408
8476
5849
7119
6548
8829
7213
853
2727
8793
9803
3748
8326
3009
9320
7696
5648
7899
3382
4273
6271
2056
6703
7651
8895
2212
9501
6514
273
3294
6762
1142
9884
3587
9330
6029
1197
9116
4415
4189
4002
151
9612
6675
3344
7631
9274
9379
5664
8640
3074
9965
3422
7381
1052
1564
1137
2979
7462
5113
8601
3828
8784
5686
7240
8861
3040
2172
2674
6211
227
9573
3567
2200
7743
8548
9163
344
5651
623
2094
4270
20
4319
2588
2300
9735
8288
4622
1379
5771
2939
6665
8432
8496
9385
6877
6978
5218
1748
7947
934
9871
3588
6812
9776
5349
2778
8542
2224
8205
8922
499
8783
7390
9994
130
1918
4593
8661
593
7260
2836
8714
3684
1148
5743
1806
5969
7424
403
1125
1910
6048
875
8301
7627
8743
9978
2586
9868
8756
587
8013
5260
9121
6625
7118
6333
2637
6320
9628
6190
2094
5188
8670
4962
2194
3909
4082
2076
2716
3198
6956
95
6984
609
1016
9229
6449
2947
2119
2382
4439
7582
3264
1753
828
2544
787
3320
9145
1730
4964
1056
921
4704
3980
3621
793
9141
7916
8843
2126
6977
1172
9204
3482
6402
9342
887
1425
9098
5763
5156
3006
4178
9580
3346
1039
9895
5394
3843
5072
5528
2157
2174
2359
7534
7212
6105
9115
9715
3420
6611
2093
3973
8998
9108
2333
7691
353
3190
4093
4841
6729
9712
5544
1838
7498
5599
5489
4271
2937
7346
3365
6646
4428
8160
5744
6208
908
3658
9416
2846
9474
6272
5370
6459
206
1995
1175
1280
6848
9546
8318
2581
4895
6763
8645
6837
1778
8671
7277
2276
176
1579
3505
1437
2865
8080
9084
3494
9894
3885
4857
263
8007
6089
8286
6195
7722
1680
4465
5956
191
5996
784
7310
6037
2599
3650
218
3945
4342
7053
440
3866
4441
4225
9278
8178
5662
4730
6103
6138
4068
2923
2466
9865
5763
361
6911
1367
8741
1918
6604
4773
1770
4816
4002
1673
9394
8953
5179
5992
9766
8582
8190
4704
9791
4297
1011
2642
3657
2140
235
2610
2866
9274
6336
4491
4206
1573
9187
2061
3223
9001
7501
7920
9586
8105
109
7591
1172
1400
4516
6440
672
5328
8543
3408
6040
2748
9029
4923
4857
5072
1618
8654
6740
927
4166
390
8515
5235
2795
4453
3179
7976
8065
8320
4967
5749
6707
904
6401
6398
6724
7591
3567
535
7258
7425
5838
6176
4901
3501
7865
4212
747
3187
2573
9809
4069
2147
9411
7011
7452
8390
8767
3710
9365
5718
4545
8214
2959
6676
1067
8883
3223
7876
8510
4394
3034
5738
8370
3910
1579
2983
3860
9870
3399
4903
4832
952
1777
7630
7339
6322
2552
95
5973
9269
7590
7544
3901
4834
4380
9220
4350
4287
6031
8093
7631
1123
1051
7606
4538
4018
1700
9174
902
2697
9645
4691
4838
3573
5516
1328
6618
8005
9797
2440
1810
6070
4937
8286
5563
583
4243
4028
5221
5616
4057
3283
5462
915
7022
4115
2758
8149
8317
764
5734
5091
9835
9892
418
849
9910
8787
8086
8784
4272
4983
2636
8020
4198
9012
463
2335
5214
3031
2978
4340
5485
213
9504
1979
6713
2437
7549
6524
83
134
9019
4420
6459
8802
2104
7536
6117
1494
26
932
9736
856
8968
6264
7987
3605
5736
4879
8011
953
4248
860
5567
3105
7534
1134
3775
3815
1292
5326
4908
7213
3641
1835
9694
7545
4555
8809
7893
8801
558
4822
8689
1326
3778
3133
6633
2767
5425
9699
1697
5491
2476
8115
5232
4390
8813
1022
7265
734
5098
4013
4198
1981
2985
9434
8702
1988
3436
916
7908
9554
197
7596
9216
3951
8658
693
2041
1325
1784
5389
4217
5898
9671
7314
6441
9234
1067
107
9112
9191
897
1878
6165
1657
9271
9848
8435
6483
5823
5059
5763
209
2870
8184
6636
2119
8848
389
4652
325
5711
8227
5344
153
7375
4175
1932
2323
3594
7167
7842
5519
1927
6509
1334
2379
9213
810
9151
5236
4682
1612
177
3881
7118
2389
390
6964
1684
862
6937
1733
8512
8801
447
5813
1419
5165
8092
6156
922
8679
6293
1865
6742
5370
4610
3610
3096
281
2014
7890
5343
6745
6164
8029
725
440
9129
9431
4224
2920
1764
4365
9344
3955
8246
281
520
9525
1554
4349
6446
9858
1933
2305
2914
2776
6395
2050
5570
5041
4273
5157
5483
8569
8886
3226
7878
6960
6569
3074
4747
465
2892
900
4287
5887
3475
8720
9796
5591
3411
951
5049
7147
868
7602
2810
3467
5481
8872
9482
7717
4499
9899
1397
8371
3816
4693
7000
8981
5555
722
412
398
7595
8188
4489
1600
4849
2146
4932
6525
7060
6600
4618
288
5398
7686
7983
8968
2400
9127
6882
2560
4464
3247
446
49
4750
1777
2238
7630
2877
3406
1257
4320
7678
1060
9580
7501
2408
5850
8749
9818
4565
847
9419
7663
9569
778
4784
5433
2410
316
9846
9497
1759
7761
8476
2660
8857
4884
9039
4574
1180
2352
5865
7791
130
562
3766
2603
5105
1698
425
2708
7303
8416
7955
3201
9130
7430
7695
9333
1853
3566
8986
1455
4625
8441
659
5325
511
410
1842
9903
126
2788
2420
1777
9983
6641
6403
823
3979
4696
9108
7267
9344
1340
4119
3105
5521
7339
577
4780
8153
4937
5056
2488
4657
4483
99
302
6779
3885
8783
8850
3208
6841
652
569
9891
7953
6928
8603
4051
2061
4989
7887
2665
6543
4274
7216
9278
7231
868
8667
1480
1772
1927
6527
1637
7892
6113
536
4270
3031
1757
6189
4123
1683
1587
3731
6981
702
1337
75
2303
7307
9655
448
2506
5554
2392
1958
1615
7703
7312
6679
3788
2947
1783
2712
3133
8920
2318
3362
2227
9327
9520
3136
7128
713
8612
3646
29
6037
2326
6460
7982
5178
7709
7901
1524
495
7482
1053
413
74
4204
6899
9487
9025
4191
3801
3683
9089
7159
8845
5676
1122
2854
3076
5515
2317
222
8107
5394
8666
5176
7779
2549
3009
2155
2987
2997
622
1072
4192
7183
3753
184
3112
2720
5441
3904
7180
5262
8205
9922
7741
9550
939
814
2365
1152
4466
7127
3701
3375
4246
9707
9745
50
7344
3268
8177
9071
8704
7088
2595
3572
3750
8161
4511
9482
9173
5530
5450
3829
6753
5624
7835
5994
7802
3002
2180
164
7828
3285
9029
1092
905
9113
9972
6836
1521
873
1487
7050
6662
5051
4743
678
7336
3496
371
3
5139
1143
8889
4429
7569
928
5840
3379
5962
406
1121
485
5629
7286
9495
7322
5665
6372
8227
7102
5819
2409
3741
1014
3283
7589
2121
7
854
9517
8727
2098
8934
4812
1097
9825
3526
356
7709
458
4740
7560
7858
778
1873
6293
3395
5675
2453
1876
8781
5687
7311
7797
9730
8707
2809
2649
3846
907
1280
5404
6208
5991
9026
5658
5053
8970
7142
4029
7536
5478
4499
5381
7402
3331
6065
6490
2883
9242
1542
220
3454
9451
7982
8131
5019
5246
8238
5240
2584
1284
9195
2573
2564
6193
73
4370
6533
5040
6366
5893
6285
5454
6452
8099
2419
2521
681
9764
4064
9570
3508
5012
4143
2739
59
8285
7495
5149
7655
7276
9210
9500
3156
1914
4258
2214
3996
611
3585
4870
1920
6824
7697
3489
7335
2134
1196
9763
7333
6906
8813
3519
272
9723
2699
2070
6590
8778
2292
1888
6114
9964
8648
8374
4014
3136
6767
3625
2526
324
2370
3708
7615
8925
6583
8660
7645
8749
4693
4918
5838
6821
9933
3265
2628
818
2373
7403
4253
7846
3438
1290
7882
1359
9534
4392
8483
8228
2421
3324
4952
8503
2305
34
3729
7545
600
2078
9893
856
9588
6772
6214
6211
5759
2433
6429
6927
9405
6617
5508
2726
4528
9402
1880
6632
7387
5976
6293
3176
1063
2690
8610
4483
23
7039
3644
2265
8466
5313
1301
6994
5466
3953
4541
3971
2457
1417
2740
1049
9639
5060
3694
7975
9484
7567
395
3291
5111
4911
445
4547
9563
9436
1075
2638
1279
497
7259
258
2772
4563
9287
7197
5025
9924
7502
4460
7851
8593
7631
2571
4194
1009
1391
6992
8817
5631
7134
3793
230
6841
2255
245
6423
6247
1116
4990
796
6542
1812
9147
5202
2680
3250
4063
5798
6512
360
7677
6075
9043
1616
5266
9855
3277
2357
5497
8730
9247
6064
2332
3278
5874
3164
8688
4799
8966
1895
2643
6237
1935
3698
1657
4046
5609
3342
441
6837
1806
6972
5123
9856
4768
545
8929
623
2757
6576
3185
7150
2015
1987
2455
339
2867
1303
7322
9268
1570
5755
8737
7257
4731
9742
8168
6087
6105
4049
6218
272
5377
6505
5957
7580
5730
4592
697
3010
4638
1552
6734
3566
7998
2378
7000
4434
6485
5765
575
5387
264
9804
9944
7532
4346
9694
7199
7143
912
8506
5770
2178
9127
4703
7265
3898
5552
774
1862
2922
7548
3732
9908
1234
1568
9989
9414
9255
6099
7211
1405
7441
582
8189
1114
366
9275
3935
1198
9533
4002
5601
1912
9165
1603
7502
4940
7012
3342
6739
8559
8710
5957
8122
3002
9011
3261
1302
5177
6309
5838
1672
2257
9456
2291
5222
1023
3008
2590
4278
3169
3017
9207
4847
9038
7758
2989
8978
6558
4915
9958
4109
4254
8359
9147
588
2971
6897
5444
4140
51
7878
7834
6353
6071
4291
865
4714
1070
1921
2641
387
3609
1348
763
1452
9629
4054
1849
3212
6231
7094
9670
8434
8786
993
699
1658
8467
4574
6192
7249
6606
3441
4031
2898
8098
9895
9909
3463
8935
5059
3939
6174
4690
3326
3559
1815
8214
6532
1266
854
5590
4280
3541
6006
717
7267
8158
9416
28
9160
1183
2923
5403
1259
6488
141
8479
3008
4748
9988
5642
8610
7582
6403
1027
9620
7145
4528
9570
7387
7709
790
1281
605
8843
2136
4216
2315
7064
8069
5780
7151
9204
6414
4375
4438
3587
1906
9497
566
376
9273
7994
1480
4952
9898
4593
9287
2695
6895
4999
9194
6980
7719
5569
6613
2506
3328
1091
8768
9495
1020
5265
5447
8550
7221
7062
4433
1954
4935
858
319
3920
6434
3357
9858
857
7619
5705
509
5953
3242
7057
9689
1176
5057
7108
9087
3372
9216
9892
8728
5237
7952
5719
7935
6065
6554
824
2798
2504
9958
2142
7746
7096
3643
2998
1548
2435
34
1834
8717
7428
6013
5175
4389
3216
6930
4704
9490
6416
3591
5408
9727
9670
1500
8503
9478
2018
7371
5477
9589
8219
5538
9302
9906
6378
6366
5759
6228
9923
6682
9004
3533
4083
886
6117
7754
737
3864
497
1940
6101
7440
3012
8372
7048
2581
1210
3811
206
706
1991
6689
3478
6268
7201
3313
101
301
9558
377
4768
7358
1785
2242
2874
9183
6142
2584
6877
7751
7489
7366
5673
9025
4808
1705
4460
5923
9023
1933
4013
9699
3627
9911
2314
972
9733
4320
9836
9231
5151
6373
9876
8911
1157
5532
1278
8749
439
7437
6827
9592
8947
1303
4938
199
2365
3264
3020
3184
6623
2348
2132
5025
6505
1865
5454
9076
1646
7208
2764
8415
5865
2421
6485
7651
5002
3631
397
767
7752
3945
7049
3047
4923
8297
1964
8338
3474
1894
5287
4378
6094
1575
313
702
7879
4604
7990
5897
8380
200
7494
5599
7733
4471
1264
9543
84
5837
5375
1579
2005
9197
7491
7933
7176
4336
7298
2599
8409
6929
9382
4856
7204
2331
4643
7960
9605
5382
7729
2517
1584
9381
499
1445
3883
5489
4727
1747
7513
3792
7374
3783
1369
2855
6312
5328
1441
2901
3606
4879
3778
6206
8359
2884
6852
3548
3692
6658
9931
9259
2886
9156
4786
9187
5376
5029
1911
2879
9488
6333
9849
2676
1236
1420
7274
6845
2483
7153
6021
142
2127
6912
4546
30
9002
2225
3984
1787
8592
9755
8107
9616
3815
207
1773
5599
590
5463
3962
489
873
3241
8381
1696
1706
4610
5285
6459
1822
9558
5227
8973
3566
8221
1993
7275
9771
2111
6016
3904
133
6508
8490
5596
8228
4395
4470
1650
3722
6567
9367
6438
3371
1126
4824
5311
2983
7024
1957
7865
2641
9260
7316
382
1903
3457
5289
4145
5841
2750
6569
9631
957
575
5073
5462
6114
4436
8368
5703
8668
2975
7008
3814
966
4589
4539
4146
6277
4510
1058
5497
2007
7451
2365
1426
9186
3271
1246
7834
4904
397
4720
6758
8476
6005
6887
6546
817
1714
4992
7188
6351
3064
4335
7069
1107
5667
8433
9081
5434
5955
4625
2443
384
7113
9963
8914
7007
2902
7531
4259
6442
5246
3283
8890
1948
8300
3477
6673
8463
2015
5364
6891
9321
5262
6141
116
4441
6195
3550
5445
5107
1721
1483
7211
5949
2863
921
7185
3665
8498
3827
9439
7109
2075
5396
5654
8263
697
2157
154
6331
5821
9839
3432
6102
5289
2722
7937
7637
8792
6919
247
9812
1323
3340
7815
8960
5808
5755
7220
1820
8121
6255
3188
8513
7160
5021
104
2373
378
8143
9886
745
2014
6762
8612
9408
9728
4170
6922
3072
9952
3790
7410
8842
8463
3565
7817
4169
8962
702
4915
7918
2491
6643
7710
1873
6529
563
3499
2078
8803
924
5494
4240
8200
667
7628
718
3954
9658
3472
9763
8823
995
6694
9655
4945
7746
9491
1027
7901
5480
4971
8488
4496
1814
3209
3736
7278
6978
8249
9419
3215
9068
9747
2959
1736
8501
3996
3782
7654
5091
4253
5859
489
7016
4594
3873
3823
7471
1277
6674
9085
1594
8813
4091
3504
1085
3231
2169
5280
9132
9753
407
9622
9641
6814
4801
5873
622
4002
607
9291
4802
6692
2616
2189
4231
8558
7945
1845
4916
8314
9116
9979
8334
9208
1331
6257
9538
4998
9510
1478
3828
9997
2074
3392
9114
7833
1966
2909
7101
5253
465
1098
4921
872
4443
6331
7726
2750
8851
8099
5177
8914
4553
9290
2514
9315
5504
3239
9842
3556
4067
3977
7613
5589
4899
9005
9707
186
8884
1827
111
1974
7587
4813
2843
7787
9618
3648
5336
8870
8983
3839
990
1917
1018
6553
9922
8468
8234
8688
8907
5905
2895
5241
941
8782
2988
9528
2842
3285
372
5792
1524
2956
1828
9982
6046
9120
631
204
1965
3976
8352
1603
4364
8488
8442
9892
6089
4799
6951
4957
2146
7739
876
1740
4428
8564
2122
3021
7300
7337
1033
3960
1746
9940
3872
2621
7182
2580
6201
1560
7041
109
1847
7999
5498
5138
8645
3070
8188
3754
2126
6897
8458
271
8975
8680
3297
3080
423
3865
325
6311
5166
9753
9241
5809
208
5755
7909
7552
4616
1269
1726
8429
6132
3513
1484
3632
4744
1961
8098
2111
8855
513
887
5943
2303
9109
4690
8769
9349
5914
1964
9657
4161
1274
5636
8786
9653
7203
6308
5932
5051
447
3575
5684
7840
1606
2714
5571
3725
5198
6471
7492
4069
4876
7731
249
3071
6329
2996
791
2846
1789
8670
1981
6992
8774
7628
4483
1798
6567
4820
9518
1279
247
8747
9553
6770
3130
2810
9040
8141
3431
7054
6335
7235
6766
4531
1410
8571
6044
5675
5316
582
7156
9126
848
2197
9347
